image_id,r11,r12,r13,r21,r22,r23,r31,r32,r33,t1,t2,t3
0,0.0,-0.0,-1.0,-1.0,0.0,-0.0,0.0,1.0,0.0,2.0,0.0,0.0
1,0.49999999999999994,-0.0,-0.8660254037844387,-0.8660254037844387,0.0,-0.49999999999999994,0.0,1.0,0.0,1.7320508075688774,0.9999999999999999,0.0
2,0.8660254037844386,-0.0,-0.5000000000000001,-0.5000000000000001,0.0,-0.8660254037844386,0.0,1.0,0.0,1.0000000000000002,1.7320508075688772,0.0
3,1.0,-0.0,-6.123233995736766e-17,-6.123233995736766e-17,0.0,-1.0,0.0,1.0,0.0,1.2246467991473532e-16,2.0,0.0
4,0.8660254037844388,-0.0,0.49999999999999983,0.49999999999999983,-0.0,-0.8660254037844388,0.0,1.0000000000000002,0.0,-0.9999999999999996,1.7320508075688774,0.0
5,0.49999999999999994,-0.0,0.8660254037844387,0.8660254037844387,-0.0,-0.49999999999999994,0.0,1.0,0.0,-1.7320508075688774,0.9999999999999999,0.0
6,1.2246467991473532e-16,-0.0,1.0,1.0,-0.0,-1.2246467991473532e-16,0.0,1.0,0.0,-2.0,2.4492935982947064e-16,0.0
